$ANSIBLE_VAULT;1.1;AES256
33643532623038623365616138663963323961636433666666373530626565396461376361366133
6665386162626663323932636665343065626337396430660a653836653661363363383666333363
38653536343238373931323432306437656230346538646637643338373365666538303731343436
6431643064343663330a376239326361636164343362623962303066353165363163373863313863
65386632646466613532393435643364326366633739363236653664646663323439663939623861
63383964653264626135313430366565373330643962613363653965386137356434333862303764
35343663346265373132333438643462363262343433646536343033323065646130396231323961
36633365323232346137336435383839346631313037626133373538353838623166363331626364
33643232333761326162333461353234616566623938643466663935336133303262666136343138
61623637343166633236393231623335343263636631653462313335373961613138356536306130
30363738613639643636653830383031326435323835623964656661333739623263613338313132
35313266323462633763393464633930613465626163396665666138343332373966396338663364
63366463386236396435356134633933626338393830323165626330643166663366663836303631
63303137306431373434326162373831383364373235313533306234383639333232343064343437
64353235393732303436643936366334336439336633333330313634386635323266613464363864
33393835353637386165363761366133363766646137666132646362613366636566366636623831
66376565323138366266343438306462323138376466666533336437616236313731373635633931
34386436633535343636396466346465306633326261366564636239653166666332383136663931
31303033653837626464356566326430383061353731663135383934616636326566626664613861
37313662356334313831323339353463323733393830373131633736393134613731386335303266
32303264373536343635336664653564663933653237623038393964666135633465633832653331
66343363376565366337363131303037633135626630613131333264393837643036333337343439
38323538376332616532336635396430623864666432326666646635656639666366636335613234
35633637333839386139346661396131333332343537383630343537643633343132616263343165
6532
