$ANSIBLE_VAULT;1.1;AES256
35656234353865373938393234376362653665613930663539326530373130373235316566663738
3339343333656539613562363833623662363033343463380a633930623164653633346437653432
62383731323062376236646532623231623465623638393333383436643531343839396135303861
3934316162373339610a303763376362613331663666393132323638643433366135306234633039
33653264353662366361373331363833323130333333623538643433303339633538393265613430
63633135336233336437383939383536623361306537323637643466353964303331376134376635
33306365333166383864316161653862303536383833376436326635373237356431316138393039
38646134613935396330336361643132666562313936303239656637386535643938343030346631
35613930643563303033333663623465393233306261373262383136633961623566643939666662
35653462623863373962313832636330646238396335353866646335303365333639313434393136
62393061636139383233666231663936643330633735373566393430643266326562346439663462
65616437383034323265393330306334643662393139333335643833396338636235306563623663
64323539326433623962633537613430666466386535343861633264623739386266343534633965
62666266313933653131636330396530623037626163373264353531313533306265336166303162
66353338356332656433333637303961656562656436343938303365623032353731353331663732
39613537323261343062366266623739643535373731373766383835396566376333366638396239
62633461306635646633653031343536386431656534373061333538383461366332626563363236
36323232303837326637326334623564653862343430343461643466653533336665643431366663
30633937623137363435653463623231616331373235313061306137336162306162326230383666
30613063363839333565313930653261306635376531626638333634643234653739313737346335
32383662326366663866316338326234356336623363666132316634346566633134386631656366
66313539363535393363323863393831363735633234346662383836353136643735376233393161
62333730613136363266363637313061363436393162653336653939363832306463376536386436
66613264346331633239386638343630353865663638663636336565326136333463663039326630
39653031366163343731313135313765313662626139643763313561656164313866363666633239
37396362303765663762613330316134333135666465613664376165653433656362663661376465
32363864616337396337363630393762356334333933636135326365386564326562633233636664
65626364356632323130343032343930383633643936323133613838613732393236656231623530
36373937373038613030316334383133653135653466323366323631653031613464616230343534
37626630616339323138303563373062613264323538663061666134353238373361333439636265
33383334376634643530343363376465396436353838393666396338373238336638653632633566
34373337643736366266333565323333346335323538343865363738343939383965643864633337
34623630393737653339376362376538666366393234396566633065383139333134613461303634
32393665626437646136653362333635386562626465616535613663623363383665336664326565
30353739663135386636323138336432316164316161616236306339653337366532386263353732
66353165336331303430633665346337396132393532383137333636643538356530356532336265
34626534313363316266376530636237306362363830373937616637376531616539623336303933
33666161353564613164656164373132613263303934396637306665323362353738613030656434
63356233613866373561653935346435396634316332663635303531303332346239616631363733
64643962326234636264626534626137646533393163303864333936653661646434393632316664
33313062343636306136376138343864626233303837653233313636376464653339356431666263
31383766333333653834643164363435623736376436653834326262383632383837386433316237
35326335626264636463336533376565656339376561646236383236346537376563333631306531
66363330656234386133386436323735386536353465373938396537623731383363663137646338
61303638366161663034643433626137626332646232323437373336336166313263613838663336
37346433343230393233383463383538353565306436616639653139353039363265383563303961
39376666643164333730653034643965323135336435326335323631623634333537646133613936
32303433623865306136613235373638313038396161306365336335623537646338326538363830
36636366636265336539363634366532346433653464336433306461636464343863656262313665
33386166656165353131383562666663363631373265616530383837646162373936383663326565
39636365656365633065613833346263616362623030613032616537663766356533653131366162
31323031306133663863633262393135626364616630633563656139336339326464373837366132
61353638393730326638363563353637636334663830656566646432393137356435356461343262
31353836663164383131356264623263353232623932613336326634636335333465616137613536
39393465313662623732373234386232383764643234313031313565626464396435343162323563
65316266323337616539643131623263306633313138386366633235656432376635616161633835
62363039363035383634373934316635623137333836613964313533303038653239336630313562
31616134336333393262393832326534646639643639346565353234663338326633343338613665
62366665346236353334313731383138313961313530616332303261636365383636376233346332
66313237636231313637623239316563613130316663656338393532656262656361646364613262
38333432376639376663663833633138646365326462646365353766646332393964643766393832
63383565333936386332656665663363303562623333386231393164333336633636646130396330
63386131383434633839626133626464623464616238643431323135643666616638636131396563
64323762333430326435393038323030616130623061663030313035653639333561306264653166
65376261626566366336343864336235626165373537393338626439616562383239363163393338
61326234373732333731343766653439343638373764363837663463616437336338393961363866
66393637346538323363613830646538366638623366353637666636613432393434376333366433
37653862663566613039616634666462353566623138333663316536633034643836653434386431
35656465316564656433393666626130363338323339666431393733313961633235346331393330
31326562393338373336393361613764343433363965376537636361393361373865326539663330
37353439346635623638656566373933373130366535616533623333653830393039316337303134
30616231333761303461343561386330353937353437366464376237643232316337376536393130
66613338343930353631636666383764386236323330646230336164303639316661386533393265
66353166383536333834636138373466376332363832336534343561316136336238303535656338
38373461313432376266316661633163636536313961663761386265353633396165303433333161
37313432313364303861623633303664333364663333623764393330636237383436623037323537
37306431386361343664366163616561376264323831333433383636383436623731623066333261
38303836343064653734623063393336303535646161313437373630336336353539326534633365
61303661353863333465343433343435333936343061656137656662363835356332643234616637
38623737626330383238313739353865323439613165386263663234306632636433353961643230
39643032373462633334303930633362393037393530343331633234333436663539336534353236
39313932303132613934663737633438656630326438393036626463343361343331636339636461
33313862353134343162386335383434666631363139306631633132613264373036653561323334
36633162346336393030343464616139306430326366623061613337626137376262653232356636
62323165373135316131343436653039356631353830613537323933396132623430616637383862
62303066363934646363373561626232616665636233323331623735666563663231366563383237
31643632643435653364363030613432393233626366653366333630666530396166376534343532
61336261633561356335323263306262663163356365343135653137383735303934393436393835
63666130396164633136353932653463393161366461613834623030396231336630393061663338
39313861333562343632383661316264346437633666353733636263393037356435633638636663
33636437386639303464386637386638616432303937363063636332366231326463336433313164
64646666376239373936373366383538663537396633373039626632303234653732363438396337
63323930653866613730363232303864306138303737663037366363666534356562303762663036
64336232333461363335656238636561316663663564333835646132653433356435303863323162
39613431656239303232343131383138643139633436396163613236613061333432326239333162
33623863656533376135333738373764333033363365653063656231303633353963363330323766
32363539306637643930383561353234643730353635336262663833366562343263353435663435
32646335633533343465646437373239353335653437326338336630393764333564333839346236
34393466616461666162616632646438613062303833366466316538656136353436643236376634
36393832653864336235656433396135393961643836643233316338333234653261373864363039
30303933633264323538626165346437343538346134356334653733613530616563613163343765
63346435373037646436373131316438616461346562616365396361353163613564366630633735
31653037656138316563376632386335323739343261636363366131613566303332346235623264
61396135663838306365306337646239383230653938396438623036363534343937636239303335
64613064356163353431383237363230396262613365653261333337356333613538386365303634
38613236386561333866623836623665323632643665336637356531656333653861653064663162
31303831643431353866323861653130323638376565383564656161623633383432663138356266
32386261636237613930383061353839636566633430366365333861343430306530336663623831
66623032353935613662373834663734336463303366336234653536306663323265363966613663
30316536313366383439383062653935346238653536633337383263616666636331333034326361
35613937663664363538393065313536343462353761336230383730343462653535313837333762
36633133646537616532623263396436376265633333316234663631623830343033303836376633
34346534326637313533326631386238353031373936356531373737363830643266383434616332
37393939643566646162373039343337663466363438336436373261333337313962383537393335
35616633373565373965333034623332363639356435666237313735326161313633633964316230
37626531346666356634653436363437393463326539303931633662346134343664313030383238
31663063386465333162326231383539636365316632343932373861376131323962333636393365
61326366386664343538366463616163663339353331383564333135303139303964343536646436
32313263306561363164643239616239303339343933636663653537623239636662303835316232
61316634663731373261333564306234613661623134383137363333353765376538356563636134
32643132613237633563626531303133393635636233353832643864306665613035363233623661
35346438336333323338356632393031623361393063663734666561316233313965636336383832
63356262323238383132353835613863323837306333326562613666366432633932383438616133
65633864306338333830623738653063653633663331643863333662396663616437386163343662
36323937393938316337303239346335316237383635376462636366323061316566316238343461
66333737306430623534353930353334306534353637643633326539363437393663653733636266
30386130383335363932623562306433636130306538326332323835326132643934376535623433
31363835373061656166623536636539646132653430393439323235636434383365386531623634
66653130333566323835356262373665353632333231653935623133376634353837666231663930
34363163386434666232313462373965353137373031376536616139326164326562613666353763
33386165316538666565386239303263383764333631633564623563393838346663643335346163
66386532396437356661383762353561623361313339653231646661626534313765316165613235
31323936616364306631653032373361363961303836613666623963303862653330326133356666
31663965353966633663386232643430386566383430626635663334653832633039636263643466
61663931336135616433366134373733656439336439623664623061316234663432366539393963
65616531623561636466633331383138636564363930646562373663656438656231343066323435
38383065323536323833666438633433653965343630306638663935323263336535616632373236
34643461623965333561636365303065306636333332303339653235663935313131346464303431
62303966356261653636323131653435663332626633633963363836373965306230353539653431
65303631643035363765613230363335376436383336396536323333346132643631363064343966
65383933353833656334336538313236666437373135646362326539663062646531373863353830
39343331376637653832356534623533333537303362633465353436633866393932623438366566
36663737363338613465366261383138343431636330333766393237653330363139323139633163
64323330653837616132326239623366303365303434313433323063343865646164313465383230
65663531656535353934616532303738666666363536653861346361303433626331646535363737
36643039376131633339313066396162333632363466376439313334633136376635623032303432
35643431343835313763326263333637393130633639326636353761353433373138653734383266
32356163366561363530333638306234626166633939663166316239643535646239663232306138
38643236396130373765666565623534653366663137376464356164396432393539653631333836
61333630323133376463376266313439353539316233323430336131626564353830343534633734
36333531373938333231363563656533393732373362653430623835353831326435336130363834
64616166383035353163613936346435343138613465663761323266323661656237303433306536
62633439656432633335303737616139386466396436323630366439396339633062326565333433
30366230306665316162613731373636626133386535623731303466626436616665613035356665
30366439633763393536353461313836343630663436613261313432393735386638316563373336
30613063383464643930313932313736616331386535316263626436356266393161636534643266
63663935643430366261326533613231396661313762303461323164343939633134303266613965
32373936353434643639323636666163646435306565356639346637376130313865313038663363
34353431363061386539363736653762653034626636353764326334313035393536363566613430
39383031653363353237363362656661346161353466626261316434336162363435633236323739
34353361656233346135663532626461343363313930616565326465363463396432643238343465
37323561333864326338343465323535326665316435366136373065323262653166366232363331
65393338316364613462383531323430363266343332383762653230643766633831623932356637
36396264626234323832356161316639626264373464623961313639316134303564666130353738
62646265383964313637643565613665323662353966633730353838313261646336633563383966
39366134363963626630663034333830636138396164666562643835633937393962363364363362
64383064303864313633313537633864613634643532396631616531633463353234363337653564
65653762336130643238333734333635386535653538663637336130323566663938396165396234
31376538666263323763396532336431356665306565396466636230343865626161336630653361
31643262613963663761643638336132313135396136666362633961346461643134646432623466
32633137646339626362653138343866366633646237623630346434396166366133366336386334
37346135313936633432613864636563616264633333646537653265373435346237393131373636
66653964313736633662633730353535396161333739393333343631306635636536
