$ANSIBLE_VAULT;1.1;AES256
61386563636337626637336235396438366337383533393539363362373233393435636633356164
3136663335656630636464326661393330313738353838640a653234343839323436366464343531
31306235303932613635306238306362616363363565393365646535313333383939633937356333
3438646161633962610a663739393035323030643935313339353335396264373539653037373438
38366261623835383565363366333539353730336464663833333364383132336330656330626131
33383932373335636237613264653863343463393537666233346665616232303361663938306538
64646162313834333534633964366639346236636638336334613834363433663735633763643735
31383862666135666530373933623666386262353232363632636137333763316566663235653633
36623361393730663264653734353336313934636434343633663565653039623730373935393961
66366636393664363539356365333231663135363335343466653434316535663866623633366132
33643666653266623862616233653537313565646232643733393066303539633461626536303832
66613231306166313631356530663232333863366139316438656263353930346664626265653661
30343566653934353863666230653436303835303831336433656336306165643631356263616361
30313762303731323761336165623835376532306135383632626430316338396630346462343561
62333366663662633038613861303533643138346365616430343562356335363731613133363566
39353562326631356132636563393763313839303235613364363239376261336536333466303961
33333631623830393264333530333935373337333232343062346431323461363033613265376330
30366536363737393861303562333066663537333766396466613466323039626231616230376536
35653030666137333839373265616236353539376263386466633263303535646538346234366630
65363737393439353634386538333464663034666164363636636137313038313065366439363365
66393762393061316133303664343130373466613961623730336536323134653866626639393861
36653161666661663432626661373637333937333833636634333563313262383765313334316463
31373534346466633837613437633032376138363965346562613239333435376139313966383262
37326333366633326335626134666630323666383961353632343534353837323133656233653162
64383839323662623862626432656638643538633238633130386263633634316430
