$ANSIBLE_VAULT;1.1;AES256
35333164366232363734383231633238656636636337373232373935643935353461356261303164
3165316337393463393163313433363330653834303436310a323836376364343934643039373236
63393961326662333966663061633738366430316562363965383338653232396336396132306336
6261646534303634360a346461613463356132663734353037663066646537653835393230653733
36643238323863326665356135343434353836643966636266366232643930323565643639366338
34393535363633303735646463313134356364646335383034663364646463313130323362626665
38616235383036313762393336656334363066626439303465343533313632383136663035623232
65303331613838646263346139373631623030313638653165323566393330376330343239383366
61303864666235366364396364663832313066613931663836303038326361313134356538363763
38356130313632396630303061376531366431393632616166666430383032653162306439336132
33333836633136326263383663333338303966626635323033346466633039356231393832353134
34616530363733616163343432373163623730633933373466303135626339313664313039613732
34653531663134656430616538643136323531353466633261346664393363366237653433346335
66663461373237616433333761316162356339616433363030313764343633353462633830623932
35616265323831646361633435663535613333306463366230646530633936373362343961643763
65336363633531346638613261306133613431666264373737643963323433393965313939343764
36346161633066313662303730353063616633623930373261343261646436353261653062396264
39666534346636663438386638653665663039343533613863383033346663643666646430363830
61663363376162373136666638633731613232323239333733643331336339653230653361393839
31633561633532343832663430633930666535613733653639346166643739306465353838303062
38333133313032643339646137323032626532356562313434653065353535323837373633313236
32653638353962633466386539636433373534386138396465626439373036353864393739663838
65343633633132656530313139386339316330613333626464623931373866313164313636386334
31376435323238326533633333623733316538633737636564386232346531616630623037336438
64613233376564336232613733633465366663656437356336663638613333376337373461636133
35326164343963386232643431333133303436383934646632623138323839616237613432373836
63626562303233386236646630323334383562646139336166353962666430613265396564343032
30353861633361346664396332653562396565346463626331333261396164623266393437646436
31643430316436323964623037326531363361393537323732373138303039636630636263613530
66393735626535323936323134633838613263666432373030326639363463396161323561663239
37343339623233333437386665393362373532333463663563646436316234353532303632356135
39393466383536313435613661653862323831353665313861376137376631376339366436326666
33333533336137303032396566616233653435623765633966656437316630663139323765383062
38343236633436363864653538303136336266643434343137386336343138643530346663636431
32313136303736613966333832303132326338303230393636313166386665303934646634356238
63646538303336643766646664393739313864613161316534363239343830663431336365343763
66666337366436396338643762363462323266643937633763356563623366633765353930656332
62356436666531623830333533323762666332363864366366366238616264393138633333313832
30666339346264313962346338313463333339643734323733326531373138663037623031643039
31333938643265303337626261616135393362316237323336313964653639353061306139356436
32333639363534656661393232636133663930326662346634306132303234393764643939363461
66626335633330633263323865356565363635343737623930626539656261626663356432653062
37336632633138346138366233396461323533646164346539666263356136366337363633366161
35383432343665633538613063356531396230353639396437656561633264633763343437643561
39633463323663613766303639633538663162396134323231626331623563643637643964393762
62326136613432636237663335346665633665323135363866343331343665383432316533616232
31656133616663653230656437613965313034383763626339386563326331316435666236623431
65633566373531346561326162633064666533323430613939323837353335616430366262613433
65663966633030663331353538366364666461386162626138363439623438353731393764383537
34616638636263633163386534656631613864646164383162313762386536313235333035343739
37326465663135363861303332373231613263393430303266653039636338396665666263343835
35613663616533383636393139646565306565613030643763383431616463373531393664626131
31663162363662643133353730356635663036376565323238636138313761313866653338303036
62353433336364323762643137346236626535623765373138393438643363323565363730633132
31343331333234383339376566303830366536366130626431386237303434616537316662633132
32376230613265633164383064623430313032343830633530376362363731303063663538306264
32646332646531313733363661336533636133363964663161653864383966356463343435396361
36653637303039366239316335383737636435643336333531313337313965383836343834376535
61306531383861343165623866623837363231643334376162366132326262333634623039626465
62643435633165353236356134616533303763356634393033363530633263363536653731333761
32353561366665626665343131393665346439316165363863306332383838646632646339636661
66303938616566626531666238653139343132383734393863383431616164323932376533613535
37336363323639386266303730646364663265353166383439653030303661343261393333356337
63373634636335366536616533633762393330346363383138666562386666326164383765356366
38616234613764643863386235313431633863343634653630653939656364366337626364646532
36393435313238343334303365396634623163303537646332663761383866663332316237353663
39356462356566303761326239343663613664626363363066326664323533336139343565393230
65363336663466646533653065343639373564633566393066623365613933313834316433646466
30326361346137383235633061366162383233663061333234656439633238363638336236346330
62636634363833663663376461313639353965663962613434393161643165393433646663663965
65383736336335666530303130666534666562383662393335623534336231383563323236656536
32386630383661333839396265373032363737396131353561623434393132633265346430636134
62653064633862306162353832386432323230633361366332316334313966326562666163373837
39666236303537663234333565343433303837613534353665323263346436323634373632656436
38326335613936623262353164383831613665303130343563303935356439653062353031343137
35383132663163636436613532613732613239653835303732303631666637383233373838666663
64653232653139356537363961326161623663323265623032386431313163643138333135353763
65616236386338323635356336323036653831313664353432643365393131353333623934313134
34356663646366316134623131303262643064396231396330616465616332366637323766666265
36616462316235386465343433653566666233353336656434306638653864383431323431386339
66643664653430613061383663356634373036633263346663353364643163323033356537326432
38353435353233356636353162333735616562393761353961616530613839643165636530646565
39366135383635646665643534366138316436663565353964383135663438356535346133336635
35353837376439633136396561643266303965353636666138336665306662646636643162306562
36333563353361353132633538353566393663643362303331636538323730646437313138323362
30623531333637333438353533636364393064346461353863316132333931363266613435393538
61623964646434663530346332626531626365623165633735363038663863616435396665653430
39303637336262653838653438663231623063653564653538323638383333623465353736386233
65373633613738396137343132366630323866323066396663303864333033366236356233343136
32306231666132313639336135393932623032343136663266653763666161393736313061363838
65646165383134326138666535393839346538386634363836613736663464326333376133316639
39353662613765346263383165616166623030636634666666313832396335353634333137336634
63373733333132356330393765333632643165376138363263643234303638666439363830393335
33616136366463646431313265613763616261303633383337336132386361393562306561343833
66396236306131343135323535623162353934323035386430616264373438653237366634373635
30656161323363623466663832373431326536316466633934306166323835646461353132306463
64366136363763653734346438303264396466343365393761363831656131623566386538663461
36333635623737633339666439666263373831336665356436336633313364646261343039393037
39346138356232623239326631326466616238666363326537316164363737663635623662613030
39343539366466353839663365656531326237343063313033646363633230653765386638356437
63383465313065663064613666313332393236343931393461666264653864363966346339346165
39353031643337336339616139616639306436313135323666323132633361633635666137393961
35353739303733393532336334373136363330393736346564383166343364393565323630323935
33326431636133386662396262623838653039643863613730666230393864313035326537336265
33363331613331366633636265393938616363353131343231353932333632613436396637333563
33663133336564306634653939336434303134623732616231376432396437663561393864346632
65363135663039656364383164633936303636393837303436336134613661643137383436646439
61313131653661646136376235323062313965316164393137326635633862653636613831343436
32616631643739383734613032653564653362366236353230613634613138363338323265313161
61353366393864333965353566366131393237336437663864343332373166353661613236666666
36356535616233323037626431636163306662326230323335643965663461303137306565633363
62653463326338653034373263333361393538343834613832373063326136353563333334633363
38353836303462386163633234646565326132626365363439623234366233666438613239336535
32363332323637316533386165333537313738323263393434376531303262616132643239313936
37393938383966356237613932633163353334633638386135663862363765643036313733313734
61316563346564383665323232373433383334306538343532336661303931333432383863343831
38306238633235323739343034326132373236333363653162393565663737663036336565613332
66633930313030663738666561393435646338633836373161623766643832343530323365616237
65653162333836363631623036666333376162366539376538613366386135626663616562393165
30643330323234643465386661326333653165313962333337636230633833663738333361333363
35656164343435653461653962666538653165326164366338646662303331333462336639666338
36613132336663633362353263663861333363366166633166386130633534323133356532356332
66396161663631663935353863633333333830373136623834383937646662613738363965623234
33646532376436366163333162643134623435393735323132383337306330353433353761306539
32626636646638623835663830346239616362356662333238323537353862333734623739343333
35366334623864643734316336353231646536346533306463356634623264383833323739333134
36393461613330396563333831316235636463336266306665626432323564623164373166613030
38633362353665363234613035653166663535636265623739656330396362333362333134316564
62393933373635326566646134376537636262663838666463313263626161343965343461613266
38633633363939336133633736376535316434333939383036373364386664306430633236303635
39313039383736616234353162633838363165383863656235363962303638333636643536633033
35376465656431373339373762643965333733303164663965626564346233326132666562656135
32393164363364393562323031383738656138356230616361636661666238373862376334656439
32633036333731393434633462656434313539356565633861376436363637643463316135663633
30336137623761306632386431393964346364326230323630613762633764666164376665653238
39316632363865323931376537373961366334656662396264323563383664366234336333393237
37646339313061383138336135366137343534386534333162306135326632623666646233656538
31323635636363346436626264383639656363306666626162303330363439333632313864386364
36333933613562646166666631653863363065333833386163653834363839353663613737396234
37333938323263643134333939336231343864316635643464646136613131656164663133383234
32666262626563643362623935393839366138363763666564643634356533366538663037316630
38313230366463303231653234643430393031363736666665356537623631366231343535666162
64363036303161613565363761623539373834313064323436613433316437343831393036376465
32386334666134386131343434653066316632343566323537373730313137316331393861663962
64663435373639353366633432313365313363336637343565623530383765323339636531326465
39623166393536393638663533656436376431626165663130633862326365383362343731643965
62353636613736316530623539646332616332313565343137313735376163323834653132646134
64333235313138343862306530353235303531666263623062643965363966666562376234343330
36353539393538646539613866656333323934396236366361303930313363613038636336373232
39313034356333386265663837643961303932623030343263613331363863386539393365613063
36303731336436613634343032303661656132666133643362373039653661623435623737316364
62333733343536366463653236303561333435633534383566343832363034393538636266393762
66613363373530336336653432313931663265386631383437313561346465383931663263616236
39393433383131336632363838356539623832666636353761623830626638316564633839343737
34363566383964393031393930323864666531376537613664373234613536356262613636373333
32663764323461356436306638343435653063336264343331363737326165353263373465633538
31393435636636613736303432393331626235376164613864323439396136303439343130633230
61336466353038663766346133653364373839353830613736623138643565306436623265346165
37313636383436366437383531316437653539613432633237656235663963316265306264653335
38373838336535613965656330666164643430383033366433623130393365386235633966653662
31396235346161663637653836333861326166613038313033333231306138313865636436363936
64303530616237323734353434646262333038383531356363363737643361663335613039363235
30313439353236663166636534313164316431393034636465613564366539353631336537316663
38653130663739383637373231643637303939373966616561373466353864633434653163616531
34313761353965346136333230643538663861303336633666346666636562363730666162303762
63346165356362343630623838343663616166626231636435346238356239363163386235303635
37306630346137373762346665643339613030346237336465616636356239393839386662376464
64363366663361313133626130663338386361326534313033393230313333393936373661653036
61663232363438636465346533346638623365376365656363303935353232613635663132303935
32393566363863393466363165363430323963633034323863336635383335323966313435633165
33343763393231623336316138333366643263353266373363306266323030386531336161393239
32343635306237383263646166343931623865656162323663396137653637343532626633373939
35323538386533313732356435336536633834643431356636313030343065316265663638653963
38653431336239336334383162393265393463613131366135323037363734373366383261313839
61626536646237383438663166366563633439633033396534333238326666363561333265373033
64393233376336303766623532373466653032633364653332346632663434336563653566316265
61653364373364653335633438356534336133393961613034393430363735366332653931393737
65356635343630613361636333396235626133386263656334303737326165666435646632323363
66386537343531363135356237616236313635643266386434623463636438383266666365333839
30336163613962393437333162336531643336356636666565373662366230663036356336636635
61343535623538363135656466336333626266626163333366376431323633326232303531626335
66666432356662393462393038313431663766306530323936623965363162353265383038616265
35383433306438613631323137363165303964363337356136393233313335363530346235303134
34323066656233383862383530323630623437393066653633663966646137646336643131366665
30663565333032333533643131646238303038623431633634616566303463623063313932373933
61343864353039343035646431373931633531306331346363666235323661313831656433666135
65313563636237663731613864626463643837313932373261643039313231643135656537343661
66303434623233616532346331376231313662313833336230346538323333636432346463323339
66613766396561326536313665613066626231633364303932626264303334363030346137643932
65643437666237636335643663613238343135366630313334616636353331633431663765613639
64613766653633306233613662346139343338303431383933363339313138386332343437613737
36623939303436346539616533333836326462646133653434363061383661383630393930366436
63623964386434636464393633333936396363343064363961663037666536666662356334666263
36336265633665636265646135333663383030626639626561653531323231653463333333323065
62363064656337313738666163313066346263356161313962393535353631623061633161336130
36666266306631383631633236633130313665626437316264636162643637323732366537643663
64306332333435656466343334356462643631353163383732656338386236313364383539653363
37343330613035356163663062396531653037623861393065393061343539383362303331316436
35333065613532303464383562323063396438356230356235353739653531646465393531663363
31646237333236363339353637333632373631633532363965656335303261393762656534336264
35323834333662313433616237336465383266373764633037386130373338666430636639313130
33323763373161323663613862313364323638626664343635633834653235663961373837626431
61366361303864376534626666366162643961393531363961653134393236656663323438353832
64643434343465323662663137336537323137393735616532303765306433303364306538366562
35306633643733623863383036376330363737376234343631326363373332313130366136616266
62623535636233376138313133666230373032363935396564326634653764623864363934616263
34316538643431333566313162373563656365326636616664623635643433333139363866383365
30623235303961343161393635633235316161663639383235316235383832653831643838396632
66306136353530373534326639396335643737323466616531333431646535346239353033393465
33373765653664656632393030313533323161306231333762366131633766626339313236613265
31316464333238366134666130373961313935633264386661623966663730316533653161633833
62383739356539396463343333643462643664386437666336663335326363653364326365343534
37643665626365383831306339316136383664666630366237623735616163343531396332353534
64663138333966616135363466383263303336353266646533323531656262376463386430366562
33363033383732356335336235643839393061373761366463353238623038656263646566623561
36346562313166353662653030373537626636333438356264636138636536303133666563663638
63666130373365363064376434343233616164623465353336343337393465303338636531623964
39316333373563396137626664633465336533326239646265393534623534373465653433623866
31326633393339626433386438346534623735366562353730636239623066633163313562653038
32336630333230616638666131613461663066623233303165623231613035666264393838386461
33366663333639353466663233633837643635393935653462613632633739316432646161393930
62376136323934663039383639396233666665353033653338383735623733303334356661356133
31343462653233623439393831393763313562626238663236393366356634656237623064643532
32626135353138306136616366643461333666333438643164316230313333393930333437343262
65326233383037353136383637313961616564376666363364343730363366316137386462353162
65383963623662383665653963326662663838383534343638363834633330623762386330653462
30393334333834616534323431326663616236333139613137363963336338373133313535373832
35323135623330386130
